2
1000
165
230
6
9
167
184
156
208
3
205
104
227
230
178
3
37
53
94
183
107
76
193
2
157
74
16
134
65
17
55
72
159
186
164
124
191
108
76
80
209
192
171
108
57
16
218
82
137
122
146
221
236
60
86
154
0
52
78
180
164
16
107
179
197
50
117
40
58
10
82
39
113
197
5
13
177
111
12
226
2
65
197
222
95
124
0
24
123
135
112
148
124
204
200
118
160
230
47
55
211
153
227
140
228
165
135
226
173
24
86
214
167
123
64
67
198
63
47
69
199
160
102
51
16
164
103
5
49
123
214
141
57
23
84
31
178
69
172
20
93
80
87
86
204
155
232
5
203
52
22
40
186
238
90
191
15
168
173
61
23
47
37
8
150
59
197
86
234
131
150
90
12
234
99
17
133
18
16
21
218
216
56
64
231
133
50
115
206
86
7
99
66
198
57
20
41
74
33
128
213
40
209
49
153
36
66
222
50
132
192
158
49
218
49
138
202
123
210
218
188
186
89
60
158
93
95
229
157
118
157
216
143
101
146
76
211
57
200
135
236
0
190
186
37
68
202
38
22
172
184
107
100
72
209
212
112
6
70
35
6
10
183
188
125
160
186
17
204
195
182
104
200
50
55
94
226
49
95
58
4
188
121
119
1
143
82
33
91
50
67
85
157
8
97
76
75
2
152
107
34
106
8
232
30
206
189
94
148
137
135
113
79
115
109
95
207
126
189
239
59
162
191
175
134
139
197
103
182
93
31
223
166
66
121
173
175
52
29
131
147
48
220
198
100
82
71
188
98
23
39
194
15
227
44
44
212
17
103
189
52
39
48
67
65
116
132
173
34
56
128
155
106
68
120
196
209
227
55
86
44
153
231
215
42
191
69
209
132
161
116
58
213
184
42
33
33
191
148
196
72
1
168
189
186
225
180
141
238
44
14
195
157
148
219
131
88
189
230
117
177
54
64
170
29
225
143
154
18
56
54
165
54
238
231
233
137
156
182
236
21
91
135
83
124
84
10
121
98
6
189
184
114
210
63
201
132
138
228
46
133
54
191
48
50
141
113
179
9
150
107
58
98
45
237
156
59
119
46
227
126
127
223
112
55
209
11
170
76
127
165
145
107
64
16
131
145
45
134
195
40
238
108
122
197
46
178
17
47
72
119
205
111
155
194
119
162
128
99
61
238
38
147
83
156
127
125
53
162
16
237
50
204
11
118
172
204
14
8
157
129
132
147
18
66
144
107
112
195
155
65
26
152
106
117
10
90
132
105
129
13
75
114
63
86
189
89
31
52
25
99
146
216
61
68
182
50
21
31
221
178
158
175
233
83
175
48
132
77
83
28
221
102
126
91
85
106
22
198
17
123
29
101
72
123
166
82
225
167
155
56
152
34
15
46
134
127
87
132
141
167
157
185
103
28
204
98
95
141
130
95
137
194
5
5
57
99
75
119
19
94
75
136
163
201
29
185
2
222
211
4
46
192
87
206
2
228
96
76
15
214
145
52
221
38
200
177
155
200
1
49
225
140
125
90
158
55
95
49
108
21
228
72
108
206
208
179
196
63
171
116
72
203
101
72
198
171
139
23
132
4
225
6
60
170
91
95
65
26
180
60
220
38
69
41
152
172
32
134
152
152
45
157
191
120
139
129
81
149
86
100
135
237
52
7
85
234
117
230
169
148
73
90
90
75
239
58
71
110
188
13
158
86
218
104
27
132
42
197
209
31
121
149
11
119
181
150
126
6
182
213
90
132
13
160
49
51
70
48
39
51
78
7
43
97
62
237
224
144
56
40
160
144
133
165
31
147
40
213
129
189
104
174
157
74
35
95
154
230
237
216
218
65
138
69
236
8
136
46
167
79
66
113
189
107
148
167
162
172
197
207
25
225
158
11
103
179
55
169
182
52
109
38
181
125
24
109
183
168
129
18
120
237
66
75
102
78
27
108
86
170
224
1
39
156
156
125
182
70
36
48
201
214
182
179
22
148
141
104
64
154
133
157
84
2
1
188
95
233
124
78
72
53
203
175
45
149
165
79
22
132
24
21
232
91
213
223
202
44
202
65
61
216
193
133
232
92
26
75
97
149
60
178
3
19
213
51
64
155
72
41
212
128
14
63
13
165
56
162
238
213
114
1
103
162
173
152
145
180
16
172
171
100
22
177
38
202
27
140
215
83
178
228
233
173
189
142
27
221
58
113
215
0
169
39
192
149
175
19
76
161
118
35
4
20
149
130
195
15
209
21
48
216
6
52
70
182
166
144
55
241
